1,1
1

2,1
11

3,1
111

4,1
1111

1,2
1
1

1,3
1
1
1

1,4
1
1
1
1

2,2
11
11

2,2
11
01

2,2
11
10

2,2
10
11

2,2
01
11

2,2
10
01

2,2
01
10

4,4
1000
0100
0010
0001

3,3
100
010
001

3,2
100
011

3,2
110
001

3,2
001
110

3,2
011
100

2,3
10
01
01

2,3
10
10
01

2,3
01
10
10

2,3
01
01
10

3,2
010
101

3,2
101
010

2,3
10
01
10

2,3
01
10
01

3,2
110
011

3,3
010
101
010

3,3
101
000
101

3,3
001
110
001

2,3
11
01
01

3,2
011
110

4,4
0001
0010
0100
1000

3,3
001
010
100

3,3
010
010
101

3,3
100
011
100

3,3
101
010
010

4,3
1000
0101
0010

3,2
110
101

3,2
101
001

1,3
1
0
1

4,2
1010
0101

2,4
01
10
01
01

3,2
101
101

3,3
001
100
001

3,3
010
000
101

3,3
100
001
100

3,3
101
000
010

4,1
1011

3,3
100
000
001